CSC Assignments
PeopleSoft Number,A1,A2,A3,A4,A5,A6,A7,A9,A10
,100,100,100,100,100,100,100,100,100
1212393,100,100,100,100,97,85,29,70,100
1261168,100,98,90,48,81,81,18,0,0
1338826,100,43,15,0,68,18,23,56,0
1401762,0,0,0,0,44,100,2,0,0
1418638,0,0,0,0,0,0,0,0,0
1440606,10,0,54,26,80,20,61,74,15
1451426,80,90,90,72,44,81,100,51,90
1461598,70,0,0,0,55,70,65,73,10
1482290,100,72,60,43,0,0,0,0,0
1487095,0,0,60,21,78,81,100,74,85
1504677,100,91,100,57,70,100,90,75,0
1507118,100,74,79,84,0,0,0,0,0
1507406,100,38,75,74,90,81,100,40,5
1507469,100,85,100,31,0,100,0,0,0
1508476,100,100,100,96,88,50,96,0,0
1511703,100,88,50,40,76,85,60,100,77
1513004,65,70,100,99,68,100,48,0,0
1513683,50,0,0,0,0,0,0,0,0
1515212,100,100,75,65,93,85,96,83,90
1515929,70,27,70,87,0,81,48,0,59
1518493,100,91,100,76,0,83,60,0,95
1519896,90,76,90,0,0,0,0,0,0
1521118,85,58,95,0,31,100,70,50,98
1521952,90,30,0,0,0,0,0,0,5
1522873,80,67,40,83,48,96,76,72,52
1522954,100,100,85,26,70,50,0,0,0
1537529,90,76,50,0,0,90,100,98,83
1538088,100,100,100,100,84,100,100,60,0
1538570,100,100,100,100,94,100,100,0,27
1539501,100,87,70,44,55,62,0,0,0
1539540,100,45,20,0,0,0,0,0,0
1542303,100,76,85,62,55,50,100,0,92
1543876,100,0,0,0,0,88,100,95,96
1551318,0,0,0,0,0,0,0,0,0
1553284,100,100,100,100,100,77,79,0,0
1553551,100,100,100,68,73,50,79,64,16
1554643,100,100,100,94,89,95,96,87,95
1559646,0,0,0,0,0,0,0,0,0
1560044,0,5,70,51,63,0,4,0,0
1560119,0,0,45,31,0,95,80,0,100
1560971,100,100,100,21,95,68,49,85,0
1561153,65,46,65,31,47,83,29,65,0
1562842,80,100,100,100,49,100,100,0,0
1567265,0,35,0,0,0,0,0,0,0
1567864,0,0,0,0,0,0,0,0,0
1581486,95,0,50,0,68,50,90,0,0
1581834,100,91,100,59,70,50,28,0,0
1582585,90,0,0,0,0,40,75,0,0
1583053,65,83,70,0,83,40,70,85,0
1583408,0,0,0,0,0,0,0,0,0
1584012,70,84,30,56,59,24,90,88,45
1584185,100,56,85,85,61,78,33,100,7
1585571,100,52,90,89,68,45,0,0,0
1585592,0,0,0,94,70,90,90,0,0
1585689,100,72,95,0,70,50,65,95,0
1586487,0,0,0,0,0,0,0,0,0
1587179,100,100,100,95,86,100,24,95,0
1587474,100,100,100,50,81,50,100,0,0
1587867,100,84,80,100,91,92,100,45,15
1587930,100,100,100,98,95,100,70,0,0
1590593,75,100,100,96,91,100,100,90,0
1590989,100,76,100,71,90,73,79,0,0
1591228,0,0,0,0,0,0,0,0,0
1591807,100,31,75,73,56,80,100,0,70
1592563,100,85,80,95,82,0,0,88,0
1593035,0,0,0,0,0,0,0,0,0
1593724,100,51,80,34,0,18,0,0,0
1595458,100,0,0,0,0,0,0,0,0
1595531,100,100,100,100,0,0,0,70,0
1596316,0,0,0,0,0,0,0,0,0
1596529,100,50,100,22,64,20,80,49,0
1597559,60,31,70,93,45,0,100,85,5
1599343,45,31,24,9,86,81,100,0,59
1601210,95,100,100,71,60,98,63,0,10
1602135,0,25,0,0,0,0,0,70,0
1602529,100,100,100,92,98,96,100,77,95
1604638,100,100,100,47,89,85,79,57,100
1605463,95,31,0,31,96,62,100,0,0
1606980,0,0,0,34,36,88,80,67,10
1608156,0,32,40,25,54,34,76,0,66
1608492,20,96,50,38,49,0,0,0,0
1608822,95,20,90,26,63,20,61,70,0
1610225,100,100,95,100,98,85,100,100,100
1612767,0,0,0,0,0,0,0,0,0
1613386,100,96,10,41,60,100,50,0,25
1613772,100,96,14,55,45,40,8,0,0
1615188,100,100,100,96,94,100,100,73,100
1615929,100,76,50,49,93,50,0,95,0
1616387,100,96,75,0,31,78,0,0,35
1616832,100,28,0,0,0,0,0,0,0
1616888,90,100,100,49,83,0,0,0,40
1617552,100,40,65,87,78,80,100,40,92
1617755,0,12,65,52,69,0,59,0,0
1618636,100,100,80,100,89,100,29,65,94
1632659,100,100,100,92,85,70,100,36,93
1632775,100,100,55,76,24,18,100,0,80
1633087,100,100,90,47,58,90,80,0,0
1633273,0,0,0,0,0,0,0,0,0
1633328,100,91,75,48,76,62,90,76,64
1633456,100,50,70,4,49,50,39,71,73
1633740,100,70,75,73,96,54,24,72,10
1633741,100,100,100,100,95,92,100,0,100
1633841,100,80,100,72,85,45,87,60,0
1633879,100,76,90,80,0,96,64,0,0
1634080,85,89,100,100,70,76,0,70,45
1634997,100,28,15,78,88,77,96,0,0
1635029,0,0,0,0,0,0,0,0,0
1635037,95,82,100,100,98,92,100,80,0
1635206,100,51,10,0,0,20,90,25,0
1635461,100,100,90,91,89,77,51,85,0
1635468,50,76,55,26,17,50,0,0,0
1635618,100,84,45,0,52,80,0,65,0
1635914,70,0,0,0,0,0,0,0,0
1636341,100,91,65,96,0,0,0,0,0
1636482,100,38,75,21,25,62,51,0,15
1636544,50,15,65,87,86,18,0,0,0
1636833,45,51,65,31,54,90,75,75,75
1637291,100,100,100,100,97,0,0,0,0
1637597,100,96,75,91,89,0,24,0,0
1637649,100,40,55,76,64,50,96,85,0
1637903,100,91,95,87,98,50,73,50,35
1638374,100,100,100,100,92,100,96,79,92
1638446,100,100,100,98,89,68,100,1,88
1638489,50,60,70,76,68,18,80,0,0
1638626,100,100,100,99,86,90,74,80,63
1638832,70,64,70,80,69,0,81,0,0
1638974,100,100,100,45,64,0,0,0,32
1639601,100,100,100,96,94,44,79,55,20
1640427,100,96,100,100,75,100,100,54,0
1640539,60,51,90,53,29,80,80,0,46
1640634,100,72,75,70,70,48,56,58,0
1640726,100,96,80,0,70,50,56,83,90
1641606,45,83,20,99,47,81,80,76,10
1641841,85,50,0,64,31,40,81,70,55
1641947,100,70,75,0,0,0,0,0,0
1642033,100,96,100,90,98,85,100,0,100
1642093,100,100,100,100,100,100,100,95,94
1642413,0,31,0,0,0,0,0,0,0
1642556,100,100,95,96,84,60,100,72,94
1642780,60,100,85,73,49,50,33,57,0
1643046,0,0,0,0,0,0,0,0,0
1643217,100,20,0,0,0,0,79,93,0
1643487,100,43,70,37,71,50,0,70,0
1643769,100,91,100,98,85,100,100,80,95
1643852,100,72,65,9,49,72,0,0,0
1644378,50,75,50,0,0,18,0,0,0
1644816,100,31,60,31,47,0,100,80,0
1645089,0,0,0,0,54,77,0,0,0
1645144,100,80,50,27,31,40,66,97,34
1645562,100,64,0,72,0,50,100,63,0
1646322,100,96,100,75,69,50,69,61,92
1646505,90,35,75,96,85,85,100,80,10
1646730,100,48,0,0,0,77,28,25,30
1646746,90,36,60,51,0,10,61,90,21
1646880,100,91,100,55,89,50,100,81,26
1647028,100,96,100,94,92,88,100,62,31
1647497,100,100,100,81,70,96,100,51,0
1647863,100,36,75,86,70,35,51,0,0
1648009,85,10,50,0,0,0,0,0,0
1648901,100,85,100,74,86,50,87,85,96
1649022,100,80,50,31,63,45,100,65,0
1649093,65,95,100,74,91,50,25,0,0
1649154,100,100,90,93,95,88,79,78,95
1649269,50,0,100,0,0,0,0,70,0
1649696,100,100,90,96,92,62,100,0,28
1649837,100,43,60,49,12,0,0,0,0
1650811,100,100,100,94,90,100,100,0,97
1650850,100,41,100,0,0,18,0,69,0
1650915,100,91,100,90,97,92,100,63,92
1651191,100,86,100,57,39,50,65,88,0
1651532,100,43,50,50,0,40,0,97,0
1651780,0,0,0,0,0,0,0,0,0
1652135,100,88,50,95,76,75,79,55,16
1652214,100,56,75,39,61,25,56,59,0
1652231,100,100,100,91,97,40,90,76,0
1652356,100,100,25,0,0,18,23,80,5
1654400,100,100,50,98,68,80,100,0,0
1654418,100,100,85,72,51,80,100,0,100
1654547,100,20,0,0,0,90,0,0,0
1654734,45,73,40,78,0,53,79,89,85
1655124,100,100,100,20,59,44,100,0,90
1655334,0,0,0,0,0,0,0,0,0
1655407,100,96,65,85,70,96,83,58,80
1656591,100,7,60,9,17,0,12,0,50
1656696,100,80,90,57,64,50,74,90,86
1656707,100,49,85,36,63,18,0,78,0
1656925,100,80,70,0,93,0,70,71,0
1657048,65,91,50,0,76,44,100,0,0
1657058,100,31,100,78,70,90,100,32,91
1657135,100,23,100,75,87,50,100,0,80
1657562,100,100,100,100,94,77,100,65,53
1657678,100,100,100,100,96,92,66,90,0
1658386,90,83,100,54,80,54,68,70,8
1658433,100,60,65,41,71,66,73,64,88
1658592,70,84,55,49,93,0,90,95,22
1658963,100,88,65,26,22,55,73,72,81
1659880,100,0,25,0,46,80,91,75,31
1660590,100,58,85,78,70,67,100,0,0
1661139,90,45,100,47,0,0,0,0,0
1661331,100,41,75,0,41,34,79,60,0
1661373,100,100,100,92,85,80,100,85,68
1662166,50,0,0,0,0,0,3,0,0
1662240,100,60,85,40,70,67,100,0,28
1662364,50,0,0,0,0,0,0,0,0
1662676,100,100,100,100,88,81,83,71,76
1662879,100,91,95,25,84,50,75,75,100
1662904,100,30,90,61,0,0,70,85,100
1663196,0,83,100,0,0,0,0,0,0
1663601,100,90,100,98,83,100,100,82,98
1663700,100,95,70,100,87,90,86,92,0
1664262,100,41,50,22,22,45,30,75,10
1664731,100,96,100,83,90,88,87,60,20
1664923,100,89,50,0,20,50,94,0,0
1664929,100,100,100,0,100,32,90,0,11
1664944,100,51,100,95,83,50,87,72,0
1665117,100,100,100,100,97,100,100,80,95
1665131,100,100,100,98,93,87,100,95,57
1665843,60,0,0,0,0,0,0,0,0
1666440,70,35,60,47,70,0,70,59,43
1666669,55,25,50,21,58,20,4,80,9
1667778,20,28,75,39,88,92,61,90,0
1668083,100,33,70,48,87,50,80,88,86
1668107,100,100,80,42,72,95,100,60,0
1668136,100,51,50,0,70,50,0,44,100
1668418,100,100,75,0,70,100,100,0,10
1669575,100,96,100,91,92,100,100,0,92
1669948,100,100,100,93,70,92,100,0,96
1669971,100,100,100,94,70,100,100,0,100
1670006,100,44,75,76,68,80,100,98,90
1670686,50,60,50,32,22,40,49,83,31
1670925,100,100,100,96,87,100,100,99,97
1671111,100,36,85,31,94,90,96,75,0
1671412,0,0,0,0,0,0,0,0,0
1671946,0,0,0,0,0,0,0,0,0
1673082,100,100,100,96,70,50,83,0,0
1673213,100,56,45,91,70,90,100,88,0
1673310,85,57,75,78,100,50,73,92,10
1675037,100,100,90,75,100,100,33,0,0
1675098,100,95,100,100,96,75,100,46,30
1678599,100,100,100,26,0,0,0,0,0
1682017,60,0,75,31,49,40,70,0,0
1684715,75,85,85,33,94,92,90,73,5
1684787,85,91,85,100,72,50,0,0,85
1684796,100,100,100,90,97,96,100,71,50
1684805,100,100,100,100,100,100,100,95,100
1684806,100,39,100,35,100,78,100,60,0
1684833,100,100,100,92,94,100,96,68,100
1684876,90,42,90,9,52,0,100,63,60
1684890,100,36,34,61,47,20,66,78,39
1684900,100,41,50,31,70,48,96,0,0
1684918,100,86,90,88,93,92,87,83,37
1684953,100,100,100,100,100,100,100,90,100
1685012,100,100,100,100,100,92,100,0,50
1685036,100,95,100,100,98,92,100,0,100
1685109,100,100,100,96,92,81,51,0,40
1685184,100,80,70,72,70,82,61,85,15
1685239,100,100,75,0,47,70,0,60,0
1685240,100,80,100,100,64,35,100,0,0
1685403,100,96,75,90,68,63,80,70,0
1685642,100,100,100,98,98,100,100,71,62
1685822,100,73,70,49,80,50,80,64,0
1685842,100,80,70,88,86,40,17,73,10
1685860,100,76,50,27,58,0,0,70,89
1685873,100,100,75,63,46,45,24,88,0
1685875,100,31,35,31,0,35,0,60,38
1685884,100,100,100,98,92,100,100,95,15
1685927,0,91,45,52,70,8,73,80,88
1685934,80,80,75,89,87,68,73,0,0
1686488,100,96,100,98,99,92,100,0,50
1686497,100,96,85,100,89,96,91,75,35
1686716,100,100,100,96,96,100,79,0,0
1686852,40,46,0,0,0,0,0,0,0
1686857,100,36,31,68,70,37,76,52,0
1686900,100,100,100,98,97,100,96,0,0
1686924,100,100,100,100,100,100,100,87,100
1687024,100,100,100,76,91,85,96,90,75
1687047,100,100,90,100,83,100,12,0,85
1687175,100,100,100,96,96,85,100,0,98
1687199,90,60,80,79,92,95,90,78,0
1687209,100,100,80,76,89,25,96,89,0
1687248,100,100,100,100,96,100,100,90,7
1687355,0,0,0,0,0,0,0,0,0
1687409,70,92,50,96,87,100,100,75,49
1687473,100,81,100,94,92,88,83,90,15
1687483,100,100,100,75,91,96,100,65,14
1687497,100,100,100,0,90,96,100,0,0
1687539,100,100,100,98,82,100,100,89,95
1687635,100,76,79,63,88,85,83,0,15
1687656,100,100,100,96,77,96,79,87,17
1687714,100,100,100,96,87,100,100,100,100
1687884,100,96,100,0,63,77,96,0,0
1687927,100,54,85,26,61,18,25,65,15
1687952,100,100,100,100,97,100,100,100,99
1688027,100,100,100,100,98,90,100,83,50
1688058,100,100,100,98,92,92,100,95,100
1688096,80,100,100,96,94,92,96,0,85
1688167,100,100,100,100,91,96,100,0,75
1688180,100,90,100,100,91,100,100,0,20
1688204,100,60,75,46,83,10,96,80,10
1688210,70,0,45,58,68,40,100,69,0
1688225,100,90,75,76,64,50,61,90,0
1688270,100,100,100,96,87,85,96,0,21
1688277,100,83,70,43,24,75,81,58,0
1688280,100,100,100,100,88,100,96,83,0
1688362,100,100,100,55,70,100,0,0,0
1688586,100,100,65,0,63,48,33,77,39
1688612,100,50,75,100,95,50,100,60,100
1688654,100,100,100,95,100,71,73,0,99
1688726,100,100,100,92,94,92,100,85,72
1688861,100,100,100,96,88,73,100,85,85
1688914,100,100,100,37,77,50,100,0,35
1688927,100,80,0,34,76,0,90,0,0
1689042,100,88,85,9,25,50,4,47,0
1689116,100,100,100,100,96,100,96,0,84
1689150,100,92,90,68,70,67,100,65,0
1689344,100,100,100,96,91,100,83,0,50
1689526,70,0,15,0,0,0,0,0,0
1689571,100,100,100,72,63,86,100,88,72
1689614,100,100,100,100,100,100,100,93,93
1689679,100,100,80,59,84,77,100,98,0
1689762,100,71,25,34,62,18,9,70,95
1689828,100,80,100,84,89,81,96,83,37
1689848,100,90,100,90,94,67,70,63,92
1689935,100,100,100,100,98,100,100,90,90
1689939,100,60,100,98,98,100,100,58,90
1690024,100,48,54,9,42,18,100,70,0
1690113,100,100,90,94,97,96,100,95,28
1690303,100,100,85,69,50,45,100,0,79
1690367,100,100,100,100,99,100,100,85,100
1690411,100,100,95,65,25,24,91,86,0
1690459,0,0,0,0,0,0,0,0,0
1690470,100,100,100,96,96,81,56,65,63
1690569,100,96,90,82,24,100,73,0,59
1690594,100,100,100,94,0,0,0,0,37
1690786,100,96,75,87,31,85,100,89,0
1690805,70,40,80,39,78,40,61,0,29
1690837,100,80,75,51,68,40,100,81,0
1691017,100,100,100,96,96,100,100,74,98
1691158,100,0,0,0,0,0,0,0,0
1691402,100,99,100,96,96,92,83,58,96
1691441,100,100,100,100,90,100,100,72,0
1691561,100,100,95,50,85,96,72,82,14
1691567,100,76,100,84,95,96,61,75,0
1691731,100,100,100,98,89,100,96,93,50
1691786,100,100,100,98,97,92,100,93,89
1691787,100,100,100,98,85,96,100,86,0
1691788,0,0,0,0,0,0,0,0,0
1691800,100,31,55,26,43,47,100,80,0
1691824,100,100,100,96,71,87,62,0,0
1692009,100,100,70,18,85,90,0,0,0
1692085,100,100,100,92,81,91,100,0,100
1692088,100,100,100,100,92,100,100,0,92
1692166,100,100,100,99,96,100,100,0,5
1692194,100,40,75,100,95,90,96,69,0
1692420,75,46,90,87,78,45,24,75,49
1692765,0,43,0,0,0,18,0,0,0
1692772,100,88,85,26,63,82,66,20,0
1692773,100,100,100,100,97,100,56,0,0
1692776,100,96,60,19,28,0,24,0,0
1692871,90,47,65,96,88,96,61,45,0
1692937,100,100,100,90,97,91,100,80,88
1692943,100,100,100,68,90,100,100,63,0
1692966,100,100,100,96,94,100,100,0,100
1693145,95,80,75,49,66,54,100,75,37
1693296,80,51,40,17,0,0,0,48,0
1693309,100,73,85,84,92,87,86,68,0
1693533,100,75,50,39,40,24,96,0,20
1693663,100,96,70,76,98,96,29,0,35
1693713,100,96,90,92,87,40,0,68,0
1693763,100,100,100,98,70,100,100,75,0
1693905,100,100,100,100,92,100,100,0,65
1693907,100,100,100,98,98,100,100,85,38
1694180,100,91,95,42,88,96,59,87,98
1694489,100,100,100,100,96,100,100,75,100
1694522,100,87,100,100,91,100,79,85,69
1694590,100,85,90,67,82,18,25,41,61
1695288,100,31,90,71,34,44,100,72,0
1695331,100,100,100,100,96,100,74,85,0
1695599,100,90,100,95,89,96,91,83,44
1695677,100,100,100,96,87,100,100,65,13
1695932,100,85,0,48,63,0,28,75,15
1695982,100,100,75,73,65,48,61,85,0
1696007,100,100,90,85,0,0,0,85,0
1696082,100,86,75,65,85,40,100,0,91
1696083,100,28,75,91,70,80,80,52,0
1696093,80,75,55,50,17,68,80,60,90
1696222,100,100,100,100,83,100,100,85,50
1696259,100,91,100,82,93,92,96,90,59
1696395,100,100,100,96,86,100,100,0,85
1696474,100,98,100,96,96,100,100,92,100
1696534,100,100,100,94,90,100,100,87,0
1696583,100,92,70,70,91,77,96,0,0
1696800,100,100,100,89,90,45,29,76,65
1696950,100,0,90,0,88,18,100,68,8
1696996,100,100,100,100,100,100,100,78,0
1696998,95,31,85,65,82,50,79,67,0
1697030,100,100,100,100,86,71,100,68,85
1697070,100,100,90,96,88,90,100,70,0
1697304,100,100,100,96,94,100,100,80,88
1697355,100,100,100,96,97,85,100,0,73
1697467,100,100,100,69,84,88,100,71,0
1697486,100,100,100,94,68,100,90,0,82
1697510,80,96,85,32,84,35,0,0,85
1697511,35,46,44,41,54,18,61,70,0
1697521,100,100,100,73,83,100,100,85,80
1697545,100,66,70,42,70,20,0,0,0
1697559,100,100,100,96,95,100,83,40,90
1697567,100,100,100,100,100,100,100,0,100
1697586,0,0,0,0,0,0,0,0,0
1697612,100,0,0,0,0,0,0,0,0
1697829,100,100,100,100,95,80,100,70,100
1697836,100,100,70,0,0,0,0,60,0
1698119,100,100,100,100,96,91,100,0,10
1698290,0,95,25,0,31,0,0,0,0
1698359,100,96,100,94,93,81,100,0,93
1698430,100,100,100,100,88,100,100,82,80
1698565,95,100,100,94,93,87,100,100,91
1698724,100,100,95,100,89,85,61,98,93
1698727,0,0,0,0,0,0,0,0,0
1698814,100,80,90,67,79,48,0,59,0
1698818,100,80,70,0,74,66,4,0,33
1698919,100,100,100,96,99,92,100,91,98
1698954,100,100,100,96,76,71,100,0,0
1698983,100,15,0,34,77,0,29,72,15
1699014,55,76,75,80,77,20,12,95,47
1699020,100,100,100,94,92,100,96,0,100
1699085,100,96,90,0,29,0,54,85,50
1699124,100,100,100,87,94,45,96,92,0
1699141,100,100,100,100,100,100,100,99,100
1699163,100,100,100,100,88,96,96,79,81
1699337,90,56,100,92,32,0,0,0,0
1699457,100,100,100,94,95,92,91,90,15
1699539,100,100,100,70,86,77,83,0,100
1699545,100,90,100,88,93,92,100,0,88
1699600,100,91,100,93,87,100,100,63,60
1699729,100,100,100,94,92,96,100,70,71
1699730,100,84,70,28,35,0,0,63,87
1700248,95,100,90,98,97,90,86,0,0
1700396,100,100,100,94,84,96,100,69,65
1700580,90,65,100,92,81,85,17,0,15
1700591,100,41,100,41,89,90,100,51,18
1700674,0,0,0,0,0,0,0,0,0
1701048,100,100,100,61,85,50,80,0,0
1701218,0,0,0,0,0,0,0,0,0
1701229,100,100,100,72,78,86,83,50,0
1701603,100,100,100,88,70,90,83,95,0
1701720,95,13,20,12,78,35,80,62,15
1702043,100,88,100,9,93,90,96,90,0
1702185,100,31,70,33,63,50,79,50,0
1702202,100,100,100,100,91,92,100,85,97
1702365,100,93,100,98,80,100,100,75,90
1702618,90,100,0,0,31,72,0,92,0
1702894,70,91,40,0,70,0,96,55,0
1703214,60,100,11,39,39,44,74,0,13
1703300,100,100,90,86,65,100,96,57,0
1703357,100,85,70,74,28,0,0,42,15
1703544,100,31,39,31,31,0,0,69,0
1703608,100,69,90,98,90,90,74,78,17
1703616,100,100,100,95,96,35,90,73,0
1703808,100,66,95,97,96,67,46,62,15
1703844,100,80,60,55,46,48,100,0,0
1703920,100,100,100,95,76,92,75,0,95
1704006,100,91,100,92,58,100,100,60,90
1704035,100,100,100,96,93,100,100,0,100
1704040,100,100,95,94,91,100,100,65,94
1704062,100,100,100,100,70,100,96,88,60
1704160,100,80,75,51,52,30,12,90,25
1704181,100,40,70,53,84,76,96,65,5
1704400,100,100,100,0,59,96,83,0,0
1704469,100,62,100,98,95,92,100,65,87
1704578,100,100,100,98,87,92,18,0,28
1704591,100,100,100,96,92,96,100,0,97
1704867,100,52,100,61,80,50,86,78,74
1705027,100,100,100,80,87,50,100,75,0
1705054,100,100,95,85,88,85,65,0,97
1705253,100,31,100,90,70,0,0,0,0
1705469,100,98,100,96,91,100,100,90,100
1705636,100,82,100,91,94,82,100,0,75
1705730,100,79,75,100,81,88,100,42,13
1705876,100,51,70,47,31,50,0,90,25
1705886,100,35,65,53,49,39,0,0,52
1706378,100,92,70,52,70,77,85,0,0
1706860,100,83,95,65,78,77,65,70,0
1707088,100,30,100,98,90,100,100,0,69
1707176,100,43,50,59,63,58,100,0,0
1707225,100,100,100,96,96,100,100,90,96
1707452,50,31,75,57,70,50,79,90,0
1707717,70,72,40,50,16,62,0,0,0
1707795,100,100,100,96,98,100,96,66,60
1708176,100,40,0,0,0,0,0,55,0
1708177,95,76,60,96,75,70,90,90,0
1708293,100,100,50,0,61,0,0,0,82
1708424,90,100,100,97,88,92,96,0,14
1708471,100,41,20,4,0,0,56,0,0
1708639,100,100,100,100,100,100,100,86,100
1708838,90,67,0,30,46,8,79,61,10
1708941,100,0,0,0,0,10,0,0,0
1708962,100,100,100,100,93,100,100,80,50
1709419,100,91,80,0,87,82,100,0,10
1709525,100,92,60,51,64,60,100,0,12
1709767,0,0,0,0,0,0,0,0,0
1709872,60,85,59,26,19,50,100,98,15
1709978,100,0,0,12,12,75,80,90,95
1710034,100,100,90,98,80,77,100,0,0
1710106,90,36,75,38,88,77,87,79,84
1710513,100,96,100,80,94,20,24,71,90
1710537,100,0,100,96,56,72,90,0,39
1710816,100,100,90,94,31,67,51,50,0
1710884,70,91,100,0,43,54,100,54,95
1711127,90,31,35,26,48,50,33,70,0
1711129,100,96,80,86,84,95,83,0,0
1711305,100,100,100,100,64,100,100,75,15
1711381,100,47,65,39,95,75,90,79,0
1711465,100,80,100,69,100,83,100,100,0
1711482,100,91,95,94,97,100,100,95,0
1711656,70,88,55,56,0,62,0,0,42
1712350,100,28,0,0,42,34,50,88,12
1712382,100,92,100,95,90,96,61,0,0
1713382,100,90,80,31,80,55,59,0,0
1713480,100,63,59,51,46,50,100,75,70
1713628,100,100,100,98,46,100,29,77,15
1713644,100,96,85,70,91,35,72,70,0
1713666,0,0,0,0,0,0,0,0,0
1713992,100,100,75,80,79,65,96,60,20
1714017,100,36,65,52,70,25,69,24,25
1714202,100,100,100,96,94,100,100,77,75
1714236,100,100,100,0,65,71,53,64,0
1714332,0,0,0,0,0,0,0,0,0
1714694,70,10,55,51,0,62,0,30,35
1714733,100,96,100,94,97,45,100,70,62
1714854,100,100,100,100,98,100,100,81,96
1714968,100,73,75,79,82,50,69,38,0
1715004,100,100,100,98,81,100,80,90,0
1715299,100,100,100,96,69,88,96,85,81
1715600,0,0,0,0,0,0,0,0,0
1715830,100,96,94,34,70,85,0,0,0
1716523,100,98,100,100,95,100,100,88,95
1716564,100,25,40,0,1,18,0,0,0
1717740,100,100,100,0,96,88,100,0,0
1717881,100,31,100,96,56,70,100,50,0
1717987,50,31,0,15,40,18,91,100,2
1718677,10,28,0,0,21,0,0,91,0
1718684,100,100,100,96,96,92,100,55,80
1718916,100,100,100,88,88,88,100,84,10
1719944,50,88,15,0,37,0,0,18,0
1719949,100,84,50,54,70,82,100,0,17
1720199,100,84,75,78,85,90,100,58,13
1720627,100,92,95,86,82,82,100,71,37
1721006,100,0,55,52,38,67,60,75,25
1721092,100,98,100,0,0,88,13,88,100
1721270,100,100,100,96,97,52,73,68,0
1721783,100,100,100,57,87,92,100,0,47
1723790,100,43,100,91,82,50,19,0,57
1723902,100,72,75,92,84,71,79,80,0
1724731,100,80,100,58,46,77,77,66,0
1724811,100,10,80,88,56,72,80,62,10
1725105,100,100,100,100,90,100,100,90,70
1725372,100,0,0,0,0,0,0,0,0
1725524,90,100,100,100,94,100,90,71,0
1726166,100,31,60,28,0,35,90,73,77
1726366,100,100,100,99,93,100,100,53,44
1726612,100,100,100,54,88,50,96,0,0
1726770,100,100,100,92,95,96,100,0,67
1726816,100,92,75,76,81,40,91,0,32
1727439,100,100,100,96,89,96,100,0,0
1727440,100,76,100,92,95,50,24,78,75
