CSC Quizes
PeopleSoft Number,Q1,Q2,Q3,Q4,Q5,Q6
,15,15,15,15,15,15
1212393,15,10,4,8,6,9
1261168,15,7,2,9,9,11
1338826,15,13,0,6,3,10
1401762,0,8,0,7,4,9
1418638,0,7,4,0,0,0
1440606,0,0,0,12,4,11
1451426,15,7,4,7,8,6
1461598,0,12,0,0,0,0
1482290,15,7,5,8,4,4
1487095,0,12,0,0,0,0
1504677,15,7,2,5,0,7
1507118,12,12,2,14,4,8
1507406,12,5,2,4,4,8
1507469,0,13,7,0,0,0
1508476,15,7,7,9,4,8
1511703,0,12,0,11,0,0
1513004,0,12,0,0,0,0
1513683,0,12,0,3,0,0
1515212,15,12,4,4,5,9
1515929,9,10,0,6,3,0
1518493,12,15,6,8,5,4
1519896,0,7,0,4,0,0
1521118,12,5,5,0,6,7
1521952,0,10,0,6,4,0
1522873,15,8,0,0,7,7
1522954,15,8,4,0,8,6
1537529,15,13,2,8,3,8
1538088,15,9,10,11,7,10
1538570,12,7,8,8,9,10
1539501,12,7,11,9,3,8
1539540,15,15,7,11,9,6
1542303,15,7,8,13,10,11
1543876,0,12,0,0,0,0
1551318,0,12,0,0,0,0
1553284,9,13,7,11,8,12
1553551,15,12,2,9,6,7
1554643,12,15,10,8,8,11
1559646,15,11,10,8,7,4
1560044,0,12,4,3,0,8
1560119,15,12,0,5,6,0
1560971,15,10,5,12,2,6
1561153,0,12,7,11,9,12
1562842,9,12,15,3,7,11
1567265,0,12,0,0,0,0
1567864,0,0,0,7,0,0
1581486,0,12,9,10,6,6
1581834,12,12,7,9,10,10
1582585,15,10,6,9,2,11
1583053,12,10,5,6,4,9
1583408,0,12,0,0,0,0
1584012,15,12,9,6,8,10
1584185,12,7,4,3,6,12
1585571,6,12,0,6,0,0
1585592,0,7,0,0,0,8
1585689,12,5,2,7,2,9
1586487,0,12,0,11,8,7
1587179,12,7,4,12,0,0
1587474,15,11,4,8,13,9
1587867,15,8,2,2,4,12
1587930,9,7,10,8,8,11
1590593,15,12,8,6,6,9
1590989,15,10,2,8,0,9
1591228,0,0,0,0,0,0
1591807,12,13,0,5,3,6
1592563,12,13,4,5,0,0
1593035,0,0,0,0,0,0
1593724,12,10,4,0,0,0
1595458,9,7,0,0,0,0
1595531,15,15,7,10,12,0
1596316,0,0,0,0,0,0
1596529,15,12,4,2,5,7
1597559,15,7,2,7,4,6
1599343,0,7,8,9,10,0
1601210,12,9,7,7,6,0
1602135,0,11,7,0,6,0
1602529,15,13,10,10,9,11
1604638,9,10,6,15,6,11
1605463,15,5,5,0,7,4
1606980,0,0,0,0,0,0
1608156,0,12,0,8,4,9
1608492,15,12,0,7,4,0
1608822,15,12,2,9,4,8
1610225,12,9,7,8,7,9
1612767,0,12,0,0,0,7
1613386,15,5,0,0,0,0
1613772,9,7,5,5,6,7
1615188,12,15,13,12,10,11
1615929,12,4,5,4,3,9
1616387,12,15,5,7,10,9
1616832,12,9,7,8,7,0
1616888,12,10,7,8,0,7
1617552,9,7,5,10,6,10
1617755,0,12,10,3,8,0
1618636,15,12,2,3,5,8
1632659,15,12,8,8,5,8
1632775,15,8,9,10,6,10
1633087,15,10,7,6,4,6
1633273,0,0,0,0,0,0
1633328,12,13,6,8,2,4
1633456,15,7,2,1,6,9
1633740,12,5,2,7,5,8
1633741,12,13,6,15,12,13
1633841,9,7,4,8,7,10
1633879,15,10,10,7,7,12
1634080,15,13,10,9,6,13
1634997,12,12,0,6,4,11
1635029,0,12,0,0,0,0
1635037,15,12,0,9,5,8
1635206,12,13,5,5,0,10
1635461,9,10,2,12,5,6
1635468,12,0,0,0,0,0
1635618,15,4,2,5,6,9
1635914,15,7,2,3,5,9
1636341,15,13,6,8,0,0
1636482,0,12,5,8,8,10
1636544,12,15,7,2,1,9
1636833,9,9,4,6,3,9
1637291,15,7,2,4,10,8
1637597,15,15,7,11,7,9
1637649,15,8,4,5,10,8
1637903,12,5,2,7,6,7
1638374,15,8,8,6,7,14
1638446,0,7,4,5,5,9
1638489,12,9,3,13,8,0
1638626,12,6,2,4,3,7
1638832,9,7,8,11,9,0
1638974,0,15,8,2,7,0
1639601,15,5,5,7,3,10
1640427,9,8,2,11,4,7
1640539,0,0,0,5,4,6
1640634,9,12,2,8,11,7
1640726,12,12,6,7,5,0
1641606,12,8,2,15,7,8
1641841,9,12,2,0,0,8
1641947,15,10,6,4,5,0
1642033,12,15,9,9,3,10
1642093,15,15,15,15,11,15
1642413,9,12,2,3,0,0
1642556,12,12,6,10,9,7
1642780,12,8,7,3,4,9
1643046,0,0,0,0,0,0
1643217,9,5,4,6,0,0
1643487,9,8,2,11,4,10
1643769,12,8,8,12,7,12
1643852,15,7,4,4,4,0
1644378,12,10,4,11,9,9
1644816,0,15,2,3,3,9
1645089,12,10,2,6,9,0
1645144,15,10,2,6,9,8
1645562,9,8,4,3,5,5
1646322,12,10,2,9,4,8
1646505,15,5,4,10,9,9
1646730,0,12,0,0,6,0
1646746,15,8,5,9,0,0
1646880,15,10,6,9,4,10
1647028,12,9,2,10,7,5
1647497,12,15,15,11,11,12
1647863,15,10,2,8,5,8
1648009,0,10,2,3,0,0
1648901,9,13,4,9,10,10
1649022,15,12,4,8,5,9
1649093,9,15,12,12,10,9
1649154,0,0,0,13,10,10
1649269,12,7,0,0,6,5
1649696,15,10,8,7,0,10
1649837,15,12,4,7,3,10
1650811,15,12,3,12,0,12
1650850,9,10,2,7,10,9
1650915,9,4,4,7,6,9
1651191,12,8,3,13,5,13
1651532,9,15,2,9,4,11
1651780,0,0,0,0,0,0
1652135,12,5,5,7,4,10
1652214,12,10,2,5,8,8
1652231,9,10,8,8,6,9
1652356,9,10,5,0,4,6
1654400,9,11,4,10,4,12
1654418,9,5,4,7,3,7
1654547,15,12,4,6,10,7
1654734,15,8,2,5,8,8
1655124,15,10,8,5,1,5
1655334,12,7,6,0,7,0
1655407,9,15,2,11,9,9
1656591,12,9,4,6,8,8
1656696,15,7,5,11,6,9
1656707,15,15,2,11,9,5
1656925,0,0,0,4,0,0
1657048,0,12,4,0,0,7
1657058,9,3,2,2,6,5
1657135,12,5,2,8,6,8
1657562,12,7,0,7,6,9
1657678,12,9,7,8,11,11
1658386,15,7,10,9,3,10
1658433,12,7,5,8,5,6
1658592,15,13,4,5,5,12
1658963,9,9,0,0,2,10
1659880,0,8,4,0,0,6
1660590,12,10,5,11,6,10
1661139,0,12,0,0,0,0
1661331,12,3,7,9,5,10
1661373,15,13,5,13,4,11
1662166,0,0,9,0,11,5
1662240,0,7,2,15,8,10
1662364,12,10,2,6,0,0
1662676,15,9,2,11,8,10
1662879,15,9,4,7,9,7
1662904,9,15,2,8,6,7
1663196,0,5,2,0,0,0
1663601,9,12,4,13,9,13
1663700,12,12,10,10,14,9
1664262,15,5,7,10,4,6
1664731,9,7,2,8,5,9
1664923,15,10,0,6,4,10
1664929,0,15,4,11,8,0
1664944,6,15,4,8,10,8
1665117,15,13,7,10,9,12
1665131,15,15,10,13,11,10
1665843,0,7,4,6,5,0
1666440,15,12,13,13,3,8
1666669,9,7,2,6,6,7
1667778,12,10,5,6,6,11
1668083,15,11,7,9,12,7
1668107,12,8,4,3,5,6
1668136,12,13,4,8,9,8
1668418,12,5,4,10,5,8
1669575,6,7,7,9,7,8
1669948,15,12,15,13,6,9
1669971,12,15,7,8,5,9
1670006,12,10,4,10,7,9
1670686,15,4,8,4,5,6
1670925,12,15,7,10,7,15
1671111,15,7,2,3,6,10
1671412,0,12,0,0,0,0
1671946,0,0,0,0,0,0
1673082,0,12,8,0,11,10
1673213,12,10,0,3,0,0
1673310,15,10,10,15,3,13
1675037,15,9,13,13,10,10
1675098,15,9,2,10,8,7
1678599,15,7,10,8,11,0
1682017,0,0,0,2,4,11
1684715,15,8,2,6,5,6
1684787,0,12,0,0,6,0
1684796,15,15,10,11,9,12
1684805,15,15,15,15,15,14
1684806,9,7,2,8,3,7
1684833,15,12,10,11,6,9
1684876,12,2,4,9,6,7
1684890,12,7,4,14,4,10
1684900,15,10,0,7,5,6
1684918,9,15,4,9,7,9
1684953,15,12,9,7,4,6
1685012,12,12,7,11,10,11
1685036,12,9,4,8,8,7
1685109,15,7,4,13,12,10
1685184,15,8,4,3,6,8
1685239,0,0,0,6,0,0
1685240,9,9,2,11,5,10
1685403,12,5,2,2,4,7
1685642,12,12,7,11,2,10
1685822,15,9,13,6,6,11
1685842,15,7,2,9,3,9
1685860,12,8,7,10,9,11
1685873,12,12,5,12,12,12
1685875,12,10,2,1,4,5
1685884,9,5,4,6,3,9
1685927,9,9,0,0,9,7
1685934,9,5,2,9,5,11
1686488,12,15,10,5,13,13
1686497,12,10,2,4,7,11
1686716,15,10,10,11,9,10
1686852,0,10,7,0,0,0
1686857,9,5,2,10,8,10
1686900,0,15,10,11,12,10
1686924,15,15,13,13,9,13
1687024,15,7,5,8,6,9
1687047,12,7,4,7,7,9
1687175,15,12,5,4,11,10
1687199,0,12,13,8,4,11
1687209,15,12,4,5,6,13
1687248,12,7,13,13,8,12
1687355,0,0,0,3,0,0
1687409,12,13,11,7,5,8
1687473,15,13,13,13,9,13
1687483,9,5,4,9,3,7
1687497,0,10,0,0,0,0
1687539,15,15,7,11,9,10
1687635,12,13,2,13,10,8
1687656,9,10,7,7,6,13
1687714,12,7,8,7,7,13
1687884,12,8,0,5,5,10
1687927,12,9,4,9,0,0
1687952,15,12,10,12,3,9
1688027,15,15,8,13,13,10
1688058,9,12,4,7,7,11
1688096,15,9,13,5,11,11
1688167,12,7,5,10,5,12
1688180,15,15,13,13,13,14
1688204,15,11,2,8,5,0
1688210,12,3,2,4,6,8
1688225,15,9,6,4,3,9
1688270,15,12,7,9,4,6
1688277,12,7,4,4,10,6
1688280,15,15,13,12,7,14
1688362,3,5,2,8,0,0
1688586,6,12,2,7,6,6
1688612,15,10,4,12,13,11
1688654,15,15,6,6,6,8
1688726,15,12,10,10,6,9
1688861,15,13,10,14,8,14
1688914,12,10,4,15,7,11
1688927,12,7,2,6,6,7
1689042,12,5,0,8,6,7
1689116,12,12,13,8,9,10
1689150,15,12,4,2,3,4
1689344,12,12,9,11,9,12
1689526,9,7,0,0,0,0
1689571,15,9,7,9,4,8
1689614,15,5,8,10,5,13
1689679,12,8,4,9,6,10
1689762,9,12,2,7,5,9
1689828,15,10,7,10,7,6
1689848,9,13,0,8,6,6
1689935,15,10,4,7,9,12
1689939,15,13,15,15,13,14
1690024,15,7,0,4,3,6
1690113,9,13,2,11,7,14
1690303,12,9,4,7,0,0
1690367,12,15,15,11,11,13
1690411,15,10,4,3,0,6
1690459,0,0,0,0,0,0
1690470,12,13,10,11,6,12
1690569,9,10,7,4,5,5
1690594,15,15,8,9,8,12
1690786,12,10,7,13,3,10
1690805,12,7,4,8,5,8
1690837,15,9,6,6,5,8
1691017,15,12,13,12,8,9
1691158,12,10,0,4,7,7
1691402,15,10,7,7,6,10
1691441,12,0,2,11,4,9
1691561,0,13,7,8,10,9
1691567,12,8,5,9,7,8
1691731,12,13,10,15,14,12
1691786,12,12,7,7,6,11
1691787,15,15,13,13,9,12
1691788,9,7,4,1,0,7
1691800,12,10,4,10,7,10
1691824,15,10,7,15,11,13
1692009,12,13,6,6,6,0
1692085,0,9,10,3,7,9
1692088,15,15,10,13,12,10
1692166,12,12,11,13,7,12
1692194,9,5,4,7,3,9
1692420,12,9,7,4,7,9
1692765,0,12,3,0,0,0
1692772,12,7,0,7,4,8
1692773,15,9,8,5,8,9
1692776,12,5,2,4,4,0
1692871,12,9,2,3,4,7
1692937,12,7,10,5,0,10
1692943,9,13,13,12,6,8
1692966,15,12,7,9,4,12
1693145,12,9,2,11,12,8
1693296,12,10,0,9,2,11
1693309,12,5,5,6,9,9
1693533,12,5,7,8,5,9
1693663,15,15,7,9,9,10
1693713,9,9,10,6,8,8
1693763,15,12,10,12,4,9
1693905,15,15,7,10,10,8
1693907,15,10,10,12,6,11
1694180,15,4,2,8,6,6
1694489,15,15,15,11,13,11
1694522,15,9,12,15,10,12
1694590,9,9,5,15,5,6
1695288,15,10,5,4,4,10
1695331,15,13,5,4,10,9
1695599,15,12,4,13,7,9
1695677,9,12,7,8,8,6
1695932,0,12,0,4,0,0
1695982,15,8,2,9,5,8
1696007,9,5,4,10,0,0
1696082,9,12,6,8,2,8
1696083,12,7,5,2,0,0
1696093,12,15,0,2,0,0
1696222,15,12,11,12,9,9
1696259,9,8,4,9,4,10
1696395,15,15,13,12,13,12
1696474,15,13,4,15,10,11
1696534,15,7,10,9,4,9
1696583,12,7,4,7,7,8
1696800,12,10,4,7,3,10
1696950,12,9,0,5,5,8
1696996,12,12,13,11,6,11
1696998,12,10,4,6,0,0
1697030,12,7,5,10,5,7
1697070,9,12,5,3,5,8
1697304,15,15,11,15,13,12
1697355,12,9,6,0,7,7
1697467,15,12,7,11,14,12
1697486,12,7,0,6,10,9
1697510,12,4,2,13,9,9
1697511,12,12,4,2,7,3
1697521,9,9,4,13,12,11
1697545,12,10,11,0,0,0
1697559,9,7,5,4,8,6
1697567,0,9,7,5,5,9
1697586,12,12,0,0,0,0
1697612,9,0,0,0,5,0
1697829,15,15,7,9,9,8
1697836,12,15,15,11,12,10
1698119,3,7,2,4,5,8
1698290,0,3,0,7,6,7
1698359,15,10,2,9,9,10
1698430,15,15,15,15,11,13
1698565,9,12,4,8,6,6
1698724,15,8,2,15,5,8
1698727,0,0,0,0,0,0
1698814,9,9,2,6,4,8
1698818,12,10,10,7,7,11
1698919,12,13,7,13,13,13
1698954,12,12,8,12,10,9
1698983,12,7,4,8,3,11
1699014,12,9,5,4,10,10
1699020,12,9,11,9,10,11
1699085,12,10,2,5,6,7
1699124,9,8,2,9,9,12
1699141,15,7,8,8,5,9
1699163,12,15,13,11,10,13
1699337,9,12,7,3,1,9
1699457,15,10,7,15,11,9
1699539,9,9,10,7,8,8
1699545,15,15,2,13,10,11
1699600,12,12,4,7,7,10
1699729,15,5,4,4,6,11
1699730,0,10,7,10,9,9
1700248,12,6,4,12,3,11
1700396,9,12,7,4,5,9
1700580,12,9,8,9,10,10
1700591,9,9,7,7,8,7
1700674,0,0,0,0,0,0
1701048,15,9,4,13,14,13
1701218,0,0,0,0,0,0
1701229,12,12,4,11,11,8
1701603,12,9,2,6,6,10
1701720,9,7,7,6,3,10
1702043,12,11,0,7,8,5
1702185,12,15,4,7,8,6
1702202,12,7,4,2,4,9
1702365,12,15,4,6,9,9
1702618,15,10,5,9,0,8
1702894,12,4,7,7,4,11
1703214,12,0,0,5,4,0
1703300,15,15,4,6,10,6
1703357,12,4,2,0,0,0
1703544,15,8,4,4,6,8
1703608,15,12,2,8,4,11
1703616,12,10,2,10,7,5
1703808,9,10,0,5,8,7
1703844,12,7,2,7,13,9
1703920,0,12,5,5,10,0
1704006,15,12,10,15,8,13
1704035,15,12,4,11,7,14
1704040,12,10,8,9,9,14
1704062,12,15,11,11,11,10
1704160,15,10,7,12,4,12
1704181,15,9,2,6,11,7
1704400,12,12,8,10,8,6
1704469,15,12,7,13,10,13
1704578,15,15,5,9,9,0
1704591,9,10,2,8,8,7
1704867,15,10,6,8,3,11
1705027,12,13,2,6,5,9
1705054,15,7,4,6,4,9
1705253,12,12,4,6,9,0
1705469,12,15,15,13,11,8
1705636,15,15,10,12,11,12
1705730,12,8,2,7,3,11
1705876,12,7,5,2,4,9
1705886,15,7,0,6,0,8
1706378,15,7,0,9,8,9
1706860,12,9,7,7,0,8
1707088,15,12,4,10,4,12
1707176,12,13,2,4,7,0
1707225,12,8,4,9,8,9
1707452,9,5,7,10,7,12
1707717,15,7,4,2,4,6
1707795,15,7,4,11,9,11
1708176,3,12,0,0,0,0
1708177,6,9,2,3,6,12
1708293,12,5,2,5,2,5
1708424,12,12,13,9,9,11
1708471,15,13,0,7,0,0
1708639,12,12,8,12,12,13
1708838,15,9,2,5,10,0
1708941,0,12,0,0,0,0
1708962,12,15,8,12,7,13
1709419,9,15,13,13,10,10
1709525,15,7,2,5,5,7
1709767,0,0,0,0,0,0
1709872,12,9,2,2,2,0
1709978,12,13,7,7,7,0
1710034,12,8,7,11,7,9
1710106,12,7,2,8,12,8
1710513,6,9,2,2,6,5
1710537,12,12,0,3,9,9
1710816,12,15,15,15,7,7
1710884,15,5,4,8,5,7
1711127,12,5,4,1,7,6
1711129,15,12,8,9,5,5
1711305,6,12,7,8,3,6
1711381,9,5,0,4,3,9
1711465,9,8,2,12,7,11
1711482,15,15,15,9,10,11
1711656,6,15,5,6,8,5
1712350,15,5,2,6,5,7
1712382,12,7,4,9,5,6
1713382,15,13,2,11,4,11
1713480,12,4,2,0,2,4
1713628,9,12,9,8,10,10
1713644,15,11,6,5,4,11
1713666,9,0,0,0,0,0
1713992,15,7,6,9,8,9
1714017,12,8,2,8,7,8
1714202,12,10,7,9,5,11
1714236,12,5,2,1,2,9
1714332,0,0,0,0,0,0
1714694,12,11,4,5,2,6
1714733,15,15,9,8,0,8
1714854,12,12,7,12,11,12
1714968,15,7,2,9,7,10
1715004,12,9,4,6,6,8
1715299,15,15,15,11,11,11
1715600,0,12,0,0,0,0
1715830,15,10,3,0,5,9
1716523,12,12,4,10,8,13
1716564,15,15,4,7,5,12
1717740,12,13,10,11,4,11
1717881,12,0,2,6,8,10
1717987,15,12,2,5,8,8
1718677,12,3,4,2,3,6
1718684,12,7,5,5,6,11
1718916,12,13,4,10,3,8
1719944,0,0,0,0,0,0
1719949,12,10,7,5,4,12
1720199,6,10,2,4,2,7
1720627,12,8,7,4,4,10
1721006,12,12,8,7,5,11
1721092,6,15,0,6,4,9
1721270,15,8,11,11,6,9
1721783,12,13,2,9,0,7
1723790,15,4,10,4,4,11
1723902,15,9,2,15,8,12
1724731,12,5,8,12,4,9
1724811,9,9,4,4,7,4
1725105,15,15,9,15,13,14
1725372,0,0,0,0,0,0
1725524,15,10,4,11,11,12
1726166,12,5,4,5,4,5
1726366,12,7,0,5,6,8
1726612,6,9,4,9,9,7
1726770,15,12,10,11,10,13
1726816,12,7,10,9,8,10
1727439,12,15,13,13,9,6
1727440,9,7,4,7,7,8
