100,Sample 2
ID0.6263426513885904,9,15,20,9,14,67
ID0.2517253604741585,12,13,3,4,19,51
ID0.9314180375485933,4,3,15,14,9,45
ID0.39663699976151834,11,3,20,6,12,52
ID0.8725633470035272,1,19,6,6,16,48
ID0.6329352277066709,5,4,1,14,2,26
ID0.16390786614334674,9,5,8,16,4,42
ID0.5799943048334127,16,3,20,4,17,60
ID0.5536312503512947,14,11,15,8,8,56
ID0.45270322879630864,18,17,15,6,3,59
ID0.42186866678686885,6,11,2,16,5,40
ID0.3732653480801684,4,5,7,1,18,35
ID0.0229050880065359,6,6,12,11,12,47
ID0.13845049776920026,0,7,5,9,17,38
ID0.06794169352833579,9,4,13,14,2,42
ID0.04264838120220016,16,3,20,2,11,52
ID0.8843920838965407,17,14,4,14,6,55
ID0.6469510322941999,18,5,20,14,3,60
ID0.6001727672157051,15,9,5,2,0,31
ID0.5355345273294098,18,7,10,3,3,41
ID0.4690703751259917,14,17,3,20,16,70
ID0.9168903337030069,3,11,13,14,6,47
ID0.35596374030467226,14,3,8,6,5,36
ID0.4931961802908983,13,7,17,0,1,38
ID0.09083163294869956,5,7,3,4,8,27
ID0.6150701307525781,1,8,20,6,7,42
ID0.23319151029228435,2,18,18,2,7,47
ID0.08227765280906785,12,14,16,20,7,69
ID0.6237125273108924,10,10,17,0,12,49
ID0.6869053647408255,20,0,20,5,1,46
ID0.2801671891332871,0,18,12,7,19,56
ID0.8646400972999349,11,6,7,14,3,41
ID0.9253596739521346,13,3,15,9,19,59
ID0.8374349625761223,2,2,20,18,19,61
ID0.03390716310834152,11,4,19,14,6,54
ID0.8374239082282635,10,12,14,20,18,74
ID0.12604430704828717,9,17,3,1,13,43
ID0.49183192066528103,2,7,8,16,11,44
ID0.5194555076140415,3,11,3,14,19,50
ID0.877460069718445,19,20,12,18,1,70
ID0.7893561721170586,11,16,11,4,18,60
ID0.04299572843538402,3,20,15,14,10,62
ID0.8297216362787534,8,2,12,9,5,36
ID0.6321330619293648,16,19,20,7,9,71
ID0.6396790021388772,16,18,8,20,7,69
ID0.5541934468914729,8,7,9,18,3,45
ID0.866048624791354,0,1,11,5,13,30
ID0.10010994120348415,3,9,17,7,3,39
ID0.9247483251224333,20,6,3,19,8,56
ID0.3273806649576304,2,10,20,10,0,42
ID0.995447118708745,12,13,11,13,3,52
ID0.8791540840305009,11,5,3,13,6,38
ID0.27073428990837123,17,12,16,6,19,70
ID0.834439438172984,4,10,17,11,1,43
ID0.7841951186420018,4,16,20,17,1,58
ID0.7755865005365221,11,10,2,1,18,42
ID0.9740057713611502,10,9,17,6,11,53
ID0.5098455415939838,8,11,4,9,1,33
ID0.49396488423011764,2,10,10,17,6,45
ID0.28876029601780173,5,10,19,2,12,48
ID0.8653377048040507,14,17,16,1,11,59
ID0.6881919206099247,3,2,12,4,11,32
ID0.12000445432555296,16,4,15,5,2,42
ID0.8876339341970748,11,4,13,18,17,63
ID0.45347615213983283,11,15,2,8,3,39
ID0.40026496839005465,13,17,0,20,19,69
ID0.12317320373710383,14,13,10,12,13,62
ID0.33153797305260757,1,9,17,11,7,45
ID0.05684548077864493,11,2,20,15,14,62
ID0.4780453467126292,19,13,2,5,11,50
ID0.6055947644544407,15,9,0,13,19,56
ID0.8114486856564049,20,8,11,1,16,56
ID0.7179794419420727,1,3,5,8,17,34
ID0.13056963967279667,16,1,0,17,14,48
ID0.10143296430750237,7,3,7,1,10,28
ID0.15130051391529875,1,10,19,3,11,44
ID0.01568578848261759,18,14,18,5,11,66
ID0.8857579137784551,17,18,3,6,2,46
ID0.20760198714647482,18,7,11,6,8,50
ID0.57844099539993,0,15,9,17,19,60
ID0.009537019477916853,7,7,18,2,6,40
ID0.16957594828722178,19,17,19,20,14,89
ID0.9361364457125542,5,16,2,5,7,35
ID0.30193533588034227,11,11,15,17,10,64
ID0.7824115449415934,8,12,10,3,18,51
ID0.786012606407018,6,0,1,18,19,44
ID0.8127779661892142,14,15,20,10,14,73
ID0.656429925714105,2,19,7,19,12,59
ID0.7869958492864473,1,18,5,6,15,45
ID0.17068414337611426,19,16,3,14,14,66
ID0.27679487373821754,1,1,0,3,7,12
ID0.19901350947371688,0,18,7,15,6,46
ID0.39633979722075563,6,8,11,5,12,42
ID0.01899151857086545,1,19,14,20,4,58
ID0.34941756136515434,10,19,9,18,20,76
ID0.44469618209367867,4,2,6,6,14,32
ID0.8943961984862203,20,16,9,20,17,82
ID0.17562620854737043,20,8,15,1,4,48
ID0.9106039883262618,4,5,15,4,15,43
ID0.08359895192193323,17,1,5,4,17,44
