100,Sample 1
ID0.10776199659243357,4,18,20,19,13,74
ID0.37645949853113125,16,17,2,2,7,44
ID0.6140877408045583,5,13,16,8,12,54
ID0.7009579003930809,6,13,19,6,16,60
ID0.24737420049436265,10,9,15,13,19,66
ID0.6149231818452294,20,9,3,5,14,51
ID0.35909531752829504,1,1,20,7,2,31
ID0.9599801376354226,16,17,14,14,5,66
ID0.9774222153870862,20,8,9,4,11,52
ID0.5644065989730775,8,11,14,20,13,66
ID0.4546742464135397,3,18,10,12,20,63
ID0.6082577058358443,3,7,11,1,16,38
ID0.5941085368680499,18,0,15,10,4,47
ID0.3828564944659797,9,12,15,4,10,50
ID0.5247955068145317,20,17,12,6,11,66
ID0.4625684289560662,8,4,5,9,11,37
ID0.4557435144053964,4,1,15,10,7,37
ID0.9815133236241786,17,7,16,10,9,59
ID0.9396242129782497,14,16,14,18,6,68
ID0.511224012461238,3,4,1,15,14,37
ID0.6693587003680962,8,13,12,14,2,49
ID0.9082171880057898,16,16,8,13,19,72
ID0.7093801735746149,8,13,5,10,19,55
ID0.1433302198046379,8,5,16,9,9,47
ID0.13547106229324557,19,4,16,19,18,76
ID0.9025467703604387,15,7,10,10,13,55
ID0.6069640726823453,12,18,11,20,8,69
ID0.36972606638581507,9,7,2,9,1,28
ID0.7361688242182263,14,9,13,0,16,52
ID0.004425130536482302,12,18,10,14,10,64
ID0.8927754229166142,10,19,7,18,13,67
ID0.15812045567644817,6,15,8,5,1,35
ID0.4420159669036918,15,4,7,8,9,43
ID0.20333480760301814,13,0,20,8,17,58
ID0.7673764231165929,5,8,0,4,15,32
ID0.36851410963666964,19,14,13,5,3,54
ID0.5736071451330452,14,18,9,13,9,63
ID0.970573534761945,5,15,18,9,4,51
ID0.1674606740672393,18,5,14,19,9,65
ID0.4577506465634402,18,18,5,0,16,57
ID0.5168503423019147,6,14,15,19,9,63
ID0.17742256923177968,10,6,19,13,15,63
ID0.3838129382690585,12,14,12,20,5,63
ID0.5557335040373117,13,12,4,11,9,49
ID0.9155531255951584,7,20,2,17,18,64
ID0.8430438863836831,11,17,1,12,16,57
ID0.6949078356566698,12,9,9,7,15,52
ID0.7170023223259248,5,16,15,11,7,54
ID0.29490353444279094,16,0,7,10,9,42
ID0.3449787891655073,3,1,20,18,18,60
ID0.3707448859593647,3,6,8,19,5,41
ID0.31913161051622263,14,8,18,15,4,59
ID0.3926865560233401,3,6,8,7,7,31
ID0.01743965572836026,18,7,14,17,19,75
ID0.8947359801534118,11,18,12,17,12,70
ID0.7360774034049878,1,1,12,19,14,47
ID0.29496849949535886,19,18,13,12,7,69
ID0.0030435541743287775,15,10,18,5,0,48
ID0.04891557671145286,8,14,6,3,19,50
ID0.09575657202347077,13,12,8,1,7,41
ID0.19378441393070323,5,16,20,4,2,47
ID0.898955379528823,16,19,8,18,16,77
ID0.6075277478933476,7,18,0,6,1,32
ID0.00018745141547416022,9,10,14,15,8,56
ID0.35564155647365703,2,11,17,20,10,60
ID0.4625240031632928,17,7,4,8,15,51
ID0.949215198656221,5,11,11,0,15,42
ID0.5956642490361519,18,7,10,2,1,38
ID0.20601801773555617,0,13,12,16,1,42
ID0.10715112713289998,7,6,19,2,9,43
ID0.051573642471774206,8,6,15,1,7,37
ID0.15664678388435416,4,7,16,19,5,51
ID0.7449115420376246,7,9,20,7,6,49
ID0.7017644131960526,14,16,0,7,14,51
ID0.9343886346150145,13,0,3,16,3,35
ID0.005446219695741217,18,18,5,9,3,53
ID0.7021177070949036,7,6,10,11,6,40
ID0.5032646401532479,11,11,12,14,14,62
ID0.8340234338629248,15,16,0,1,14,46
ID0.8497014888895199,12,7,9,20,2,50
ID0.42191038759057187,20,20,14,17,4,75
ID0.7285993022002971,2,17,12,9,1,41
ID0.7140244944181896,11,8,13,16,15,63
ID0.6536106189139916,17,20,16,16,10,79
ID0.13353869181388778,0,18,20,18,18,74
ID0.9252244242983487,2,13,13,6,1,35
ID0.23473703388323985,16,8,11,13,2,50
ID0.25174977453472647,18,19,5,20,19,81
ID0.6600404988176928,18,11,10,12,12,63
ID0.4519540654818941,15,3,4,12,9,43
ID0.23388982695804572,17,4,6,8,19,54
ID0.8384344383552422,2,20,1,20,4,47
ID0.05203627044135639,12,2,10,4,14,42
ID0.7705630902421,8,20,5,8,9,50
ID0.46529185405383144,3,11,14,12,14,54
ID0.8678991884247499,16,9,16,5,1,47
ID0.9029223925826064,20,19,13,3,14,69
ID0.8592557200850439,9,7,10,3,0,29
ID0.8997924741159441,19,12,15,0,6,52
ID0.0142488824542234,18,7,17,19,15,76
